거래일시,적요,입금액,출금액,거래후잔액,거래점
2025-07-20 13:45:11,스타벅스 강남2호점,0,5500,994500,강남지점
2025-07-20 15:12:30,(주)배달의민족,0,25000,969500,강남지점
2025-07-20 19:03:01,카카오 T,0,12500,957000,강남지점
2025-07-21 09:30:00,네이버페이(주),150000,0,1107000,온라인
2025-07-21 12:10:05,김밥천국 역삼점,0,8000,1099000,역삼지점
2025-07-21 14:20:40,(주)쿠팡,250000,0,1349000,온라인
2025-07-21 21:00:15,개인용도 이체,0,100000,1249000,강남지점
2025-07-22 11:55:10,오피스디포(주),0,78000,1171000,강남지점
2025-07-22 16:01:22,우체국(등기),0,4500,1166500,역삼우체국